69 frames
  3.160  -0.201   0.006  -0.096   0.029  -0.029  -0.246  -0.182  -0.134   0.018 
  3.146  -0.219  -0.126  -0.123  -0.047   0.045  -0.043  -0.265  -0.057  -0.073 
  3.235  -0.085   0.080  -0.025  -0.040   0.002  -0.218  -0.338  -0.033  -0.110 
  3.144  -0.262   0.009   0.008  -0.176   0.063  -0.154  -0.278  -0.137  -0.115 
  3.059  -0.311  -0.061   0.014  -0.048  -0.051  -0.173  -0.177  -0.143  -0.195 
  3.074  -0.188   0.084   0.070  -0.025  -0.083  -0.179  -0.202   0.102  -0.003 
  3.294  -0.131  -0.002   0.095   0.113   0.158  -0.092  -0.123  -0.003  -0.051 
  3.182  -0.101  -0.018  -0.060   0.106   0.086  -0.165  -0.147  -0.079  -0.058 
  3.194  -0.113   0.053  -0.104   0.117   0.070  -0.255  -0.084  -0.095  -0.102 
  3.271  -0.112   0.026  -0.057   0.055  -0.106  -0.202  -0.245  -0.099  -0.102 
  3.185  -0.082   0.098  -0.179   0.010   0.020  -0.139   0.006   0.054   0.028 
  3.160  -0.186   0.057  -0.031  -0.020   0.093  -0.018   0.066   0.054  -0.049 
  3.264  -0.071  -0.008   0.084  -0.085  -0.035  -0.187  -0.164  -0.069  -0.074 
  3.221  -0.107   0.052   0.250   0.184   0.132  -0.030  -0.144  -0.214  -0.123 
  3.409  -0.042   0.097   0.011  -0.108  -0.024  -0.077  -0.039  -0.156  -0.070 
  3.294  -0.088  -0.001   0.038   0.060  -0.032  -0.200  -0.033  -0.024  -0.066 
  5.104  -1.156  -0.288   0.953  -0.601   0.396  -0.204  -0.348  -0.040  -0.034 
  5.611  -1.320   0.020   0.531  -0.611   0.397  -0.239  -0.168  -0.141  -0.039 
  4.192  -0.653   0.135   0.127  -0.326   0.264  -0.311  -0.150  -0.019   0.026 
  3.139  -0.212  -0.038  -0.169  -0.166  -0.107  -0.383  -0.161   0.091   0.062 
  3.306  -0.038  -0.097  -0.173   0.015  -0.053  -0.390  -0.184   0.041   0.019 
  3.401  -0.042   0.032  -0.017   0.057   0.125  -0.233  -0.143   0.051  -0.036 
  3.516  -0.184  -0.051  -0.044  -0.079  -0.016  -0.339  -0.248  -0.081  -0.010 
  3.247  -0.096   0.022  -0.100  -0.059  -0.006  -0.280  -0.255  -0.129  -0.088 
  3.282  -0.070   0.037  -0.075  -0.053  -0.017  -0.145  -0.260  -0.063  -0.032 
  3.191  -0.076   0.089  -0.149  -0.045   0.158   0.082  -0.024   0.160   0.120 
  3.256   0.015   0.010  -0.115  -0.005   0.096  -0.165  -0.130   0.054  -0.076 
  3.123  -0.003   0.054   0.015  -0.011   0.051  -0.169  -0.258  -0.086  -0.152 
  2.975  -0.085   0.246   0.093   0.029   0.154  -0.114  -0.224  -0.178  -0.014 
  3.143  -0.156   0.180  -0.039  -0.026   0.035  -0.199  -0.205  -0.112  -0.043 
  7.165  -1.017  -0.689  -0.095   0.311  -0.039  -0.375   0.104  -0.219   0.055 
 10.470  -1.224  -0.955  -0.321   0.087  -0.154  -0.420   0.090  -0.228   0.018 
 10.137  -0.989  -0.853  -0.303  -0.040  -0.286  -0.412   0.051  -0.211   0.109 
  8.913  -0.350   0.097   0.243   0.170  -0.271  -0.565   0.087  -0.260   0.078 
 10.691   0.154  -0.180   0.199  -0.024  -0.345  -0.784   0.135  -0.393   0.034 
 11.269  -0.026  -0.415   0.008  -0.377  -0.218  -0.957   0.211  -0.305   0.296 
 11.512  -0.046  -0.525  -0.161  -0.209  -0.100  -0.881   0.158  -0.227   0.268 
 11.723   0.058  -0.541  -0.314  -0.210  -0.066  -0.960   0.187  -0.193   0.304 
 11.762   0.055  -0.569  -0.443  -0.290  -0.094  -1.014   0.297  -0.213   0.371 
 11.786  -0.041  -0.569  -0.524  -0.347  -0.074  -0.938   0.286  -0.185   0.440 
 11.758  -0.020  -0.580  -0.424  -0.417  -0.012  -0.865   0.244  -0.191   0.419 
 11.571  -0.145  -0.647  -0.455  -0.432   0.033  -0.747   0.242  -0.170   0.421 
 11.381  -0.020  -0.694  -0.395  -0.430   0.112  -0.672   0.234  -0.225   0.361 
 11.049   0.096  -0.633  -0.410  -0.417   0.095  -0.621   0.230  -0.272   0.387 
 10.910   0.051  -0.498  -0.478  -0.427   0.048  -0.511   0.145  -0.385   0.426 
 10.321   0.313  -0.560  -0.418  -0.394   0.021  -0.504   0.163  -0.455   0.406 
  9.833   0.469  -0.623  -0.323  -0.498  -0.030  -0.402   0.174  -0.513   0.364 
  9.313   0.633  -0.416  -0.449  -0.454   0.019  -0.371   0.077  -0.524   0.375 
  9.111   0.532  -0.265  -0.506  -0.473   0.038  -0.252   0.110  -0.510   0.303 
  8.782   0.637  -0.331  -0.449  -0.439   0.038  -0.236   0.178  -0.583   0.348 
  8.472   0.770  -0.288  -0.410  -0.537  -0.011  -0.110   0.149  -0.557   0.240 
  8.337   0.616  -0.146  -0.469  -0.572   0.021  -0.151   0.137  -0.495   0.172 
  7.815   0.803  -0.002  -0.538  -0.471   0.019  -0.110   0.154  -0.571   0.106 
  7.490   0.850   0.012  -0.551  -0.503   0.055  -0.068   0.117  -0.509   0.070 
  7.323   0.813   0.070  -0.514  -0.562   0.038  -0.069   0.038  -0.433   0.152 
  7.086   0.856   0.174  -0.514  -0.592   0.132  -0.117   0.093  -0.385   0.095 
  6.726   0.942   0.273  -0.578  -0.534   0.094  -0.239   0.158  -0.333   0.155 
  6.429   0.977   0.271  -0.541  -0.606   0.064  -0.121   0.238  -0.335  -0.027 
  6.172   0.975   0.414  -0.469  -0.456   0.066  -0.101   0.146  -0.356   0.003 
  6.123   0.748   0.481  -0.226  -0.524   0.062   0.022   0.171  -0.304  -0.140 
  6.007   0.534   0.186  -0.169  -0.205   0.135  -0.039   0.206  -0.236  -0.111 
  5.621   0.482   0.086  -0.418  -0.345   0.184   0.178   0.106  -0.209   0.032 
  4.697   0.207   0.009  -0.277  -0.269   0.068   0.108   0.037  -0.176  -0.072 
  4.424   0.104   0.055  -0.179  -0.341   0.035   0.102  -0.052   0.075  -0.087 
  4.302  -0.167  -0.143  -0.125  -0.272   0.079   0.081   0.064   0.176  -0.152 
  4.157  -0.184  -0.059  -0.210  -0.261  -0.062  -0.107  -0.019   0.065  -0.003 
  3.998  -0.159  -0.048  -0.162  -0.002  -0.047  -0.130  -0.176   0.079  -0.090 
  3.710   0.058   0.059  -0.153  -0.148   0.039  -0.072  -0.130   0.202  -0.112 
  3.520  -0.053  -0.148  -0.385  -0.283   0.011  -0.017  -0.101   0.027  -0.080 
